10 0.33812603558899423 0.16104007066972192 0.11567537403000738 0.19547811379145844
6 0.5641791996194392 0.1432667699485412 0.31520318874502423 0.11192465064493082
12 0.6040468073378241 0.2580734991469787 0.1292404669196447 0.24106337072531261
5 0.6905055721665717 0.32644033301881886 0.12331146049385407 0.21048551795177098
1 0.5640160094287212 0.4271332768823954 0.12552787650146513 0.20741506933854179
11 0.47819923174839224 0.29775620782819406 0.13482462205284093 0.1865577086812154
9 0.4041608483640259 0.45744163877399274 0.21926192494204083 0.4390664192622918
4 0.49755931577796214 0.6961209726458331 0.12852554250907655 0.20436280452090294
2 0.6016220746752108 0.7359263954235065 0.21024902228030234 0.5051999123284375
0 0.6907787806832595 0.5250596709747217 0.1393821294672147 0.22178669386357655
8 0.7343191695420144 0.78757720155993 0.12473865072175308 0.3221315327694098
3 0.510477104332706 0.878806186076701 0.14730737600717364 0.20558046561506949
7 0.38349149859148735 0.7754110419843747 0.1644006699991249 0.4143742373665626