0 0.7092804403398599 0.5461267095976358 0.132136431150046 0.2050157718992251
1 0.5953751822813416 0.46543551897378965 0.1093537505656478 0.15772046730343323
2 0.6363596416594431 0.6285770666297512 0.2087269083886106 0.32567752775932135
3 0.5572469230450448 0.7569907657345871 0.09205009043361105 0.06649469000553729
4 0.5427265103211097 0.6628600339331845 0.11599402130083299 0.18922079117755644
5 0.6980613934028695 0.3999328300479865 0.1100762119699997 0.17485790252860856
6 0.5911778234216196 0.30072217690106906 0.25412015494824053 0.09863296884459274
8 0.760723946089304 0.7030986004060521 0.1148225005656478 0.1580709207272058
9 0.466995904053286 0.5066589011443325 0.1882284806789345 0.3577693345145814
10 0.40913701149888826 0.29431838988556563 0.10137515523106444 0.16420100478036198
11 0.5191066252595825 0.38390371915835975 0.12056465263916642 0.16154637415097853