10 0.3479597352674729 0.19198649614160224 0.10816754488495217 0.20279685409082884
6 0.5850466448101974 0.11215225862684937 0.3242056353422278 0.15464820323797915
12 0.6132665726996864 0.22809968671910727 0.12799423155503967 0.25494386213660053
5 0.7010296722321481 0.31098896035221923 0.12467378883482798 0.22113159084927708
0 0.6998024737563997 0.5219264603522192 0.13730105386194252 0.24388067599857094
8 0.7256144982514842 0.7832956490881389 0.12144931576579943 0.33804593924012283
1 0.576220048891973 0.4212376815233272 0.117619812937129 0.2167336679527992
11 0.48078534992524524 0.31467596110852386 0.13459823467829785 0.1819980350330784
9 0.40248256704234553 0.4849281129697798 0.19150326141287727 0.4327517878830699
4 0.491766739078102 0.709059745637399 0.11192834913967822 0.17807000569998319
2 0.4362974681972548 0.8472588681655597 0.3639135508368806 0.2683172193295228