10 0.35299112392614673 0.13252795261777497 0.10765312697836445 0.16209201468013573
12 0.5505311872459868 0.16224108259073078 0.12252121042459266 0.23721928401495385
9 0.594815696518241 0.34520757658341295 0.2134471828349726 0.36320107602640783
0 0.6391035278167625 0.5430087299093224 0.1369588466752111 0.21474484735040827
5 0.478793469585305 0.5925012945974123 0.12425412878738662 0.21069314668204467
11 0.47346631897404967 0.306800151933503 0.11841356456303558 0.21843292134786294
2 0.36546238919129465 0.37129955128104786 0.18929370985876562 0.43865506202258986
7 0.3290657072608331 0.7082364772835932 0.16820660391130032 0.40874029535327167
6 0.3434933774326497 0.6862069359484569 0.2431899937799636 0.48378629602958956
4 0.5737330760985972 0.7623859859166402 0.12721535447712728 0.20760450934913557
3 0.46041752657356705 0.7941547012651395 0.12380042740790582 0.21693405601527208