10 0.3064323280624395 0.1496160611721335 0.11285504488495217 0.2011674315917773
6 0.5490829154946528 0.0821951085494571 0.3445408612399268 0.1539526741285454
5 0.67456068022718 0.2920913297166418 0.13103287314378348 0.2380466338757694
12 0.5880823038619427 0.2036263732487782 0.12335672852997774 0.26107469810012063
1 0.5438970083878152 0.399751100747541 0.12160787616884541 0.22896156094499087
11 0.4447686410977643 0.28615999152071536 0.1432283461146163 0.18635798111680746
9 0.3668668757760621 0.46295154285476786 0.20500722521032805 0.4684168865893028
0 0.6735168515755653 0.5156516604493364 0.13731923458010192 0.24462418249628842
2 0.5739491645126942 0.7295271319552054 0.18795153541698256 0.49017237788287565
8 0.6969235770804808 0.77778649027752 0.11767487597245392 0.3584033994796016
4 0.4542861043060397 0.7131352493226315 0.11287777078265133 0.2050736815917773
7 0.34876333303240914 0.8437035758714547 0.1500374031980128 0.2827792797373263
3 0.47161048057308114 0.8700879341937691 0.1258817648307229 0.15811347241038015