0 0.6715048980794797 0.6150850553978388 0.11944425028434047 0.20233577422028776
1 0.5632183129733684 0.5232556996566202 0.09962140634451408 0.15547802026595506
2 0.5936175938429172 0.6891817885919249 0.18855988582729194 0.32144787155854926
3 0.5066286997505909 0.8081771863107473 0.08813708605604162 0.06447101828878879
4 0.4981784604841673 0.7133912683259698 0.10425500816812523 0.18688718775644092
5 0.6696670283040975 0.46905497239403326 0.09924019984750014 0.17263368676785795
6 0.5695559658994099 0.35960703513188375 0.2488024823325695 0.09287188539871387
8 0.7127143923798964 0.7759880633065043 0.10509015634451409 0.15570085475263545
9 0.43273203238816016 0.5507201719762913 0.1659042890376739 0.35408661661563345
10 0.38866898860083354 0.3342847470714315 0.09119131050482654 0.1621591017868859
11 0.49246809545843784 0.4345168518240669 0.11063164152687506 0.15904868923931587