13 0.2104464597961321 0.24854842561367235 0.4208929195922642 0.4970968512273447
10 0.4966890054422956 0.16908316365487863 0.2898784994518458 0.22542953213185085
9 0.7039955631541768 0.2607916579050028 0.2591195727728234 0.23694111697916026
2 0.8928435090280835 0.38441983185168516 0.2143129819438328 0.43179136031120036
1 0.7774479652384277 0.42337114836210504 0.24168905842967128 0.5408952933417386
5 0.9020759264473543 0.6502361504881369 0.1958481471052913 0.17359622303829667
6 0.8962308229522711 0.818284648821147 0.20753835409545793 0.1976554763722767
12 0.5702481119652012 0.7585759694144528 0.30958336424263566 0.25430383122346534
8 0.33516627303512675 0.7861277871328207 0.2755109538056823 0.3270877559190538
0 0.13765386677452454 0.7294957945496865 0.2324033053496284 0.25267781622055596
4 0.21896088655997242 0.5592946069772206 0.405275320958725 0.20602544107562384
7 0.6017262573412122 0.5445771133553162 0.29203127649368776 0.22015210076830272
11 0.5486309952754945 0.36262574062628017 0.29450151206571745 0.2016571922835717
14 0.7049876997141491 0.7793517575860436 0.2803224832945951 0.4412964848279127