12 0.5217292191921503 0.5830105121715693 0.11315927956950453 0.08315914772652384
6 0.3954727801931863 0.6245922658250173 0.0888848715877872 0.0647812946422686
1 0.5206653711780117 0.7401508563273707 0.09590546712072659 0.18199606818121908
8 0.5847215248165029 0.5567440669601078 0.09853385339082213 0.08758754910649565
7 0.683595672459138 0.5490872999139792 0.09925944540910478 0.06964607264544594
4 0.7105905119962213 0.6074179971540357 0.14286389619489306 0.06728473173605547
13 0.8154556404084341 0.6725811213416091 0.23418456306795044 0.15084329991727435
10 0.7152693957851175 0.741983911926688 0.11441141046291677 0.05976255803494936
9 0.5985891639820826 0.7626219200443629 0.11457623035529281 0.08006142126547396
11 0.6392548593911874 0.6953077349791711 0.12656680810555193 0.06934210957707698
0 0.587296407157657 0.6357594111159092 0.1109974660872691 0.08702448741809832
5 0.4263374824267167 0.6837723969124496 0.07816569540910479 0.0692778798696164
2 0.4635591925181298 0.7743388956946337 0.07606169396136267 0.12466480925276535
14 0.4475810897464803 0.6137735426103785 0.11903259801413864 0.15898130803494936