4 0.22443254726291234 0.5308283553816384 0.36175620735199915 0.15637498925740784
8 0.34471613323523176 0.741162747059324 0.2327601453691802 0.27609991180407345
12 0.5530740732415952 0.7051787386915809 0.26799766402768055 0.21782706637205784
6 0.8761570372374589 0.7525981298034395 0.2231391500238626 0.18736828245085987
5 0.874959258593276 0.58680935549318 0.21109313602004454 0.1586291287873866
2 0.8731171372931381 0.3420324440277908 0.2147561273869975 0.4063263223649516
1 0.7405131752864567 0.38433172941932675 0.19868677940004248 0.5015193136585243
11 0.5291398706238202 0.34354851989924534 0.2769544933561353 0.18238088930283639
9 0.6765881299729558 0.2347987189038772 0.23983630136058967 0.21322809757972222
10 0.4882347019812281 0.16395287313317722 0.2725306226925443 0.20479147783744706
14 0.6754576032384134 0.7350443803692663 0.24076464405631554 0.42720871042459246