12 0.5451013382177803 0.6182060609297219 0.10984769867214013 0.09017820303441759
6 0.420628058163551 0.6518161731977763 0.08630565954272455 0.07029626666989941
1 0.5504377571302788 0.77574749396026 0.08854993647369583 0.18761131242753387
8 0.6069791695016736 0.595900368356286 0.09503121974937905 0.09365401833688942
7 0.7054712116561512 0.5945607510872618 0.09648918061996348 0.07581281409452387
4 0.7348223683702054 0.6547966204823179 0.1402209999018041 0.07625909530829098
13 0.842266708827481 0.7268785277591009 0.22819824375348433 0.16543290773582484
10 0.7449780974893583 0.7900644407857598 0.11205509328594587 0.06693202167086927
9 0.6292212872827039 0.8032823047208041 0.11139201795398072 0.08718074879205204
11 0.6671167179026672 0.7383746529040329 0.12382838544042354 0.07726361485312835
0 0.612770106368153 0.6753168013868243 0.10752667456983929 0.09389313439796573
5 0.45388091969806527 0.7131521569869188 0.07539543061996348 0.07409094636645772
2 0.4947644740509872 0.806375869564234 0.0710306383672897 0.1291770590935542
14 0.4722587358566481 0.644306433199716 0.11263233108750156 0.16615077167086928