12 0.5116899552786991 0.6117879859252691 0.11458173658176474 0.08889824505632156
6 0.38466757788851813 0.6468517647541611 0.08999274676079753 0.06929058540139543
1 0.5078769355389424 0.769256278499916 0.09906496298449667 0.18658734604505725
8 0.5751609723975623 0.5887600313499075 0.10003837523071261 0.09254776894153487
7 0.6741992496954582 0.5862684519005968 0.10044938540974542 0.07468827958519668
4 0.7001819563584333 0.6461569041301698 0.1439991263104469 0.07462257760772531
13 0.8039392095976357 0.7169771385428294 0.2367559276670362 0.16277242365278255
10 0.7025083150885918 0.7812967286358019 0.11542354333702498 0.06562463602181409
9 0.5854314366186765 0.7958676910048336 0.11594397748246621 0.08588250569998301
11 0.627287072028422 0.7305211964527152 0.12774307063492074 0.07581909084927715
0 0.5763544301402715 0.6681033239245544 0.11248831045588795 0.09264060409082883
5 0.41450646977666866 0.7077946185928884 0.07935563540974547 0.07321326089576327
2 0.4501552706718327 0.8005337756499245 0.07822273442229637 0.12835422896477827
14 0.4369810495108881 0.6387386159949984 0.12178176973975678 0.1648433860218141