13 0.20234375 0.23674085305788212 0.4046875 0.47348170611576423
10 0.48693497281396275 0.14036204122187543 0.29105737600717363 0.2089262840036808
9 0.6885664569966319 0.22012619566652836 0.2603803789729232 0.22226143218006963
2 0.877923434259219 0.33244827697291746 0.23405925399151356 0.41911759517409736
1 0.7501366738790954 0.3787394358828826 0.24473411022702402 0.5278568155388197
5 0.8694437949061722 0.5981278283596883 0.21886669961943922 0.1611959924005557
6 0.8539740093171779 0.7666778066081952 0.23697737106425762 0.18425228590354195
12 0.5162166827391631 0.7267547893220143 0.3109215484405755 0.2367064450978475
8 0.27758792285333134 0.7681200992581599 0.2772906477560036 0.3116330567051044
0 0.10001695723448245 0.7229309665650001 0.2000339144689649 0.2395937493344098
4 0.19050930605561883 0.5476238016711112 0.38101861211123766 0.18272941954663224
7 0.5641288952101835 0.5104764791015283 0.2931782915204934 0.2035120853904516
11 0.5245119327763441 0.3312604513661116 0.2955392875661607 0.18483482057281275
14 0.6484734258190809 0.762676718367952 0.28303526486592856 0.47177112290951406