10 0.48615515036914025 0.1236107154267709 0.2699479619047624 0.20904134553943102
9 0.6917728971299377 0.18102709567244507 0.22972348010335963 0.21410927876724134
1 0.7713974452473247 0.32429371087442443 0.22677296498708124 0.5087852812745238
2 0.8934711225705982 0.2750485656515625 0.2130577548588036 0.4177427441275053
5 0.904069416253692 0.5195798156515625 0.19186116749261614 0.1600893685006845
6 0.9055978173172765 0.6937758335982511 0.18880436536544706 0.19413775956691132
12 0.5976127984219286 0.6659142242022595 0.29411664712993774 0.20896478919208264
8 0.3897793144610576 0.7204893785963215 0.25981030073828054 0.2820469365265158
4 0.2486374730066459 0.5210924353393814 0.3965815106404581 0.16515861638911353
0 0.17668902914359724 0.6930332829903835 0.2767789528054638 0.2061209340192331
11 0.5427822894795135 0.29885475633471315 0.302139898209672 0.18814382383181866
14 0.7256469632890384 0.6974106136191337 0.2419986443521605 0.4421660826073074