4 0.1855884882066671 0.5107018539061988 0.3711769764133342 0.1500769333872622
8 0.289900770498844 0.7103248532732266 0.2527899752123143 0.27208336424263563
12 0.5018143016016217 0.6561928808632228 0.2834644852970829 0.21318207939624542
6 0.8225861313848162 0.6753669444807355 0.23647261663541636 0.18350201387981607
5 0.8339514412812973 0.5098510718853972 0.22229324797374977 0.15496778611233458
2 0.850657653534121 0.26548351299238987 0.244741612300092 0.4026513179635002
1 0.7143203208762043 0.3193128958393472 0.2359612260607861 0.49814486723786067
11 0.5051988905746303 0.29701877750517813 0.28969536145161995 0.17757196161023064
9 0.6614768678131948 0.17551082133724313 0.25506608322356444 0.20907493275429007
10 0.47774570824680584 0.12117552931927669 0.2869900264846292 0.20006452050323803
14 0.6224200360502328 0.6753471302302506 0.27223162525958244 0.4230828690519591