4 0.22049687540209417 0.5316723620279917 0.42254497605401264 0.2044464271887719
0 0.13302196915085843 0.7190082638974472 0.24355295129724625 0.2306742726200241
8 0.3406259634688156 0.7361328738508466 0.25741662824476313 0.3097464659813284
12 0.5577492337613551 0.6711786896131047 0.29600579545304767 0.24089064482048564
6 0.8873953417185216 0.6894728680280545 0.22520931656295665 0.21162827469461654
5 0.8911063805786359 0.5112886684429729 0.21778723884272821 0.16723873465266034
7 0.5886195840062364 0.46779265786951807 0.25885066882984215 0.21310826432165442
10 0.4986438258918568 0.11132198199768564 0.28408249391092005 0.22264396399537129
11 0.5378677873353728 0.29406008255949034 0.29144498051823947 0.2030946468950779
9 0.6930444366867496 0.17591096595810643 0.24732283360249455 0.22315777054543173
2 0.8864800051740703 0.26345481968772844 0.2270399896518594 0.41957082925871997
1 0.7612331493480816 0.3178132008112594 0.21840254139256246 0.5330529888018452
14 0.6801697045403619 0.6931935543403889 0.2672706895261234 0.471998012247062