13 0.20234375 0.2449980266795871 0.4046875 0.4899960533591742
10 0.489187173727604 0.16044705813953614 0.2875221030578821 0.2204671984865271
9 0.6921290293509373 0.24856402914359724 0.25659941137850717 0.23252710749354072
2 0.8833696655594789 0.36879259330011305 0.2268249116628475 0.4279805074012556
1 0.7564428364372914 0.40995091455334265 0.23560245924989615 0.5369747755998528
5 0.8795309250587842 0.6345677876245871 0.21613675911805572 0.1698676187523077
6 0.8670094752112842 0.8027670751015158 0.23385158919017365 0.19362529379845023
12 0.5286925108304855 0.749007712827613 0.30690853590354195 0.249012503082319
8 0.29088273309506885 0.780713086055741 0.2719536140757989 0.32244070866555996
0 0.10528574240215252 0.7275218275747511 0.21057148480430504 0.24874359037467766
4 0.1944950191876387 0.5557853323551131 0.3889900383752774 0.19902059993540142
7 0.5728101060045829 0.5343234515688462 0.2897385664887501 0.21514864281100116
11 0.5300810113991664 0.3531945650793665 0.2924271553945835 0.1965989019102997
14 0.6615225414156939 0.7745539211886312 0.27490004217180586 0.4508921576227376