13 0.20234375 0.24381643138650447 0.4046875 0.48763286277300893
10 0.4906875399825008 0.15757290742663246 0.28516698269413504 0.21881570236260472
9 0.6945023359723195 0.24449459670564466 0.2540806146960442 0.23105809712916772
2 0.8869978239576838 0.363591749152954 0.22200555338954295 0.42671223137238706
1 0.7606438619510023 0.40548457558837014 0.22951915607095116 0.5356700024190746
5 0.8862507472549581 0.6293532570454617 0.21431813335454458 0.16862671558737147
6 0.8756934132320502 0.7976027281062665 0.23176926269095333 0.19228402346576184
12 0.5370036305697317 0.7458233363234753 0.3042351560311804 0.24725151550266683
8 0.2997394405633684 0.7789110391801902 0.26839820070813436 0.3208941418533783
0 0.10879569012572916 0.7268648788403731 0.21759138025145833 0.2474342550499104
4 0.19715021280236505 0.5546174234939967 0.3943004256047301 0.1966893443571575
7 0.5785933359325485 0.5309109678652716 0.2874470980267262 0.21348346025511233
11 0.5337910079567292 0.3500558100151161 0.29035392202418076 0.19491547077845617
14 0.6702155725652774 0.7729571707925735 0.26948053739654243 0.4540856584148528