4 0.2728139415346657 0.529484254548114 0.37138027667183915 0.15427454693790016
8 0.4121149129059726 0.7391033112059239 0.25124273304023637 0.274760367244561
12 0.6161010401769366 0.7019073339510028 0.28226972137130685 0.21627793320799568
6 0.9121521792919337 0.7474404276219153 0.17569564141613264 0.18607885690547885
5 0.9073333975466588 0.5816698784077035 0.18533320490668254 0.15740804735218497
2 0.8897598788654879 0.336920304586386 0.22048024226902427 0.4051006846557378
1 0.7727188624372323 0.37998960028594103 0.2330818907760614 0.5003939139775734
11 0.5585767430421761 0.3404411410230974 0.2887111689457125 0.18077708085063088
9 0.6951683340984033 0.23083931678749506 0.25388962985603775 0.21184299028009032
10 0.5011315495506563 0.1610960893276863 0.2858730824314133 0.20321500702931333
14 0.7406704765414546 0.7310576406088126 0.2698008986519692 0.4258327156729845