12 0.5918899954498298 0.5382920280730883 0.11553175684847723 0.08825906847545255
6 0.4709864222143946 0.5900023272702093 0.09073266639160238 0.06878837523071261
1 0.6100391120512137 0.694922759874491 0.10117510415382931 0.18607600478036196
8 0.6515367599719768 0.50699316086194 0.10104320435896633 0.09199533775378406
7 0.7492638649509986 0.4913099992340329 0.10124411390209147 0.07412671730343323
4 0.7833321342470306 0.5472200377906958 0.1447573155617654 0.07380534469361422
13 0.8883515823204855 0.6035923488648927 0.22329683535902908 0.1614438494739762
10 0.8044519628810507 0.6808941309431505 0.11609951929603177 0.0649717627999264
9 0.6905437508484146 0.7109599676172003 0.11685745850815117 0.0852341980251019
11 0.722893386946323 0.6405881084256165 0.12852866431700996 0.07509773442229636
0 0.6637659180652096 0.5854988926633429 0.1134840047738848 0.09201512415097853
5 0.5090201410955079 0.646443291952749 0.08015036390209147 0.07277496838316751
2 0.5572343433798818 0.7336336088870419 0.07966603444287887 0.12794332973421946
14 0.5216609284381718 0.5749793021317817 0.12361786660138385 0.1641905127999264