10 0.480544098023889 0.1180497326626134 0.26172266926229176 0.21203572087397743
9 0.6835794854667016 0.1731179401535369 0.22124313962701408 0.21663037897292323
1 0.7572741714464934 0.3155654253247893 0.20624161436013927 0.5110515410262018
2 0.8913757613022572 0.2647457301539744 0.21661411027607685 0.4201546269957569
5 0.8945130927281859 0.5092769801539744 0.21097381454362818 0.1625649614824372
6 0.8928294851339065 0.6834638966558773 0.21434102973218705 0.19679538144438116
12 0.5697807035503131 0.6594612998490883 0.28592323546670145 0.21224130931499055
8 0.3599705988769103 0.716493844335331 0.248588196047778 0.28486838441013057
4 0.22711781202343792 0.5185895380232711 0.3903009577312848 0.16966383155811188
0 0.14825119566652836 0.6914951388215739 0.2686811840799307 0.2091972223568522
11 0.5299661358272919 0.292765889772976 0.2948072729857641 0.1915295612921568
14 0.6963802243518756 0.6894923566554396 0.22420905793937534 0.44465987847863175