4 0.22443254726291234 0.5039808914267251 0.36175620735199915 0.1605798611941685
8 0.34471613323523176 0.7000269717792534 0.2327601453691802 0.2787815437984502
12 0.5530740732415952 0.6398347416758937 0.26799766402768055 0.22092827344038463
6 0.8761570372374589 0.6495766748984843 0.2231391500238626 0.18994958127537895
5 0.874959258593276 0.4841519339977829 0.21109313602004454 0.161073609653009
2 0.8731171372931381 0.23992107264673085 0.2147561273869975 0.4087799244278337
1 0.7405131752864567 0.29760076959209847 0.19868677940004248 0.5037722493816912
11 0.5291398706238202 0.2814808235695815 0.2769544933561353 0.18559155073828054
9 0.6765881299729558 0.15571246067736996 0.23983630136058967 0.2160009415466968
10 0.4882347019812281 0.10689063618493784 0.2725306226925443 0.20794741208933254
14 0.6754576032384134 0.655412072028422 0.24076464405631554 0.42996331199704746