10 0.46772881335776734 0.15416921106207646 0.2711258730323639 0.2105382290334258
9 0.664866257289467 0.22448917866275683 0.23093791560701077 0.2153695727728236
1 0.7250175174289256 0.37225704526764536 0.22971317725907864 0.5099181809401916
2 0.863342326095116 0.3316643055192644 0.2358214296048672 0.41894844055883834
5 0.8462430353620544 0.5761955555192644 0.2232621734006809 0.1613269135169965
6 0.834841723593771 0.7504415873704298 0.24123627723940827 0.19546630054030487
12 0.5062139790416527 0.7013740824762884 0.29528999271053297 0.21060271641955416
8 0.29188939908813893 0.7424454826616229 0.26141737328446535 0.2834573738612825
4 0.18835437223225243 0.5348462590704927 0.37670874446450486 0.16741076632688667
0 0.11113515189969318 0.7014856328469573 0.22227030379938637 0.20765876569391467
11 0.5006948606239913 0.33231405842967127 0.3031899740210996 0.18983634863353913
14 0.6295368645592636 0.7409227105139223 0.24454621958162406 0.44341272721932723