10 0.4837479154253154 0.12083078893792354 0.2664191743166556 0.2105382290334258
9 0.6882577870131027 0.17707332133724313 0.2260852727450791 0.21536957277282354
1 0.7653383254739474 0.3199304547323546 0.21796467348808618 0.5099181809401916
2 0.8926402161908404 0.2698981944807356 0.21471956761831912 0.41894844055883845
5 0.8999695942399903 0.5144294444807356 0.2000608115200194 0.1613269135169965
6 0.9001199900729479 0.6886209126295701 0.19976001985410435 0.19546630054030487
12 0.5856723660017067 0.6626884175237115 0.29060153701310265 0.21060271641955416
8 0.37699087882198834 0.7184920173383771 0.2549958308506309 0.28345737386128284
4 0.2394051798982269 0.5198412409295073 0.3938870487999269 0.16741076632688667
0 0.16448872476921242 0.6922643671530426 0.2733048751024439 0.20765876569391467
11 0.5372839460282773 0.2958109415703287 0.2989940798171736 0.18983634863353913
14 0.7130910446615886 0.6934522894860777 0.23436661538253425 0.44341272721932723