4 0.23644499979060302 0.5525658748093752 0.42757284408519725 0.18242094823197946
0 0.15422546691132957 0.7309253045209029 0.2497410965663966 0.21808242524621538
8 0.36278498366055256 0.7685565103523266 0.2658798269216895 0.2964983659756598
12 0.578497720840271 0.7251922893220144 0.30237594499481996 0.22555073955076424
6 0.8969960670993359 0.7767613214258341 0.20600786580132818 0.19924150626826406
5 0.8984263649181548 0.5986545052214243 0.2031472701636904 0.15583634517409733
7 0.6035211838271682 0.5252111263279866 0.26449280128112634 0.1996961011580211
10 0.5028981757643977 0.15764046019982678 0.2901113854415261 0.21355923261690996
11 0.5476050159206535 0.34675816479697963 0.2967231044242794 0.18795982057281274
9 0.6996875926374553 0.24416310771062558 0.2532834735308674 0.21036084422416684
2 0.8883626118690049 0.35105280660819516 0.22327477626199022 0.40763523451677103
1 0.7721534057054058 0.392565546540209 0.23346339495203877 0.5220607572181947
14 0.7018282129823881 0.7592789614340978 0.2804432487571457 0.45838077013597245