13 0.20234375 0.23909724945184582 0.4046875 0.47819449890369164
10 0.48090966446736133 0.1460938162342196 0.30051528426032376 0.2122197801218849
9 0.6790355147029171 0.2282416612395617 0.27049559359115705 0.22519100607526782
2 0.8633531431665282 0.34282006032858786 0.25341327474120307 0.421646854623989
1 0.7332658105086118 0.38764643229095397 0.26916399679597125 0.5304588594333124
5 0.8424577169174547 0.6085269058820841 0.22617010367592555 0.1636706635169965
6 0.8191002549474551 0.7769768055192644 0.24533976870893498 0.18692711424263564
12 0.4828401262010199 0.7331052321134687 0.32165755240361077 0.24021829454985522
8 0.2420203450982422 0.771713831210344 0.2915688026864346 0.31471729754508004
0 0.08592138740546354 0.7242410865678216 0.17184277481092708 0.24220489128447778
4 0.17984633613314857 0.5499529038983495 0.35969267226629714 0.1873785259455337
7 0.5409040703105565 0.5172818246717401 0.3023805806316663 0.20683287567538108
11 0.5096129885011117 0.33751991360181444 0.3038651681905552 0.18819200308004289
14 0.6135631544290755 0.7665798979078998 0.3047994089542584 0.4668402041842004