12 0.5183849140673811 0.6117879859252691 0.11363313206674715 0.08889824505632156
6 0.391873323723748 0.6468517647541611 0.08925392978275504 0.06929058540139543
1 0.516405254976841 0.769256278499916 0.09695796641748622 0.18658734604505725
8 0.5815366892821517 0.5887600313499075 0.09903504353213641 0.09254776894153487
7 0.6804655122129303 0.5862684519005968 0.09965584124814413 0.07468827958519668
4 0.7071231874731294 0.6461569041301698 0.1432420669378846 0.07462257760772531
13 0.8116192576903745 0.7169771385428294 0.23504114258219672 0.16277242365278255
10 0.7110183921319708 0.7812967286358019 0.1147485747398008 0.06562463602181409
9 0.5942060283825894 0.7958676910048336 0.11503185775648746 0.08588250569998301
11 0.6352681196307335 0.7305211964527152 0.12695864767057935 0.07581909084927715
0 0.5836513879480993 0.6681033239245544 0.11149409995457163 0.09264060409082883
5 0.4223963054063823 0.7077946185928884 0.07856209124814431 0.07321326089576327
2 0.4590940439864216 0.8005337756499245 0.07678158525525039 0.12835422896477827
14 0.4440499773872212 0.6387386159949984 0.11994840909054005 0.1648433860218141