4 0.24858389917384413 0.5200908279642437 0.3649578558051153 0.13959532776785188
8 0.3783607123280208 0.7247106711519936 0.23890876569391467 0.2653987827847038
12 0.5845363012580951 0.6790446889095827 0.27274556315417675 0.2054516110435351
6 0.8977108550987181 0.7113951432390636 0.20457828980256387 0.1770675358097659
5 0.8964317030356715 0.5457519625209044 0.20713659392865685 0.14887435811666877
2 0.8869023215916971 0.30119344144366555 0.2239608666897066 0.3965351532962086
1 0.7565898282151192 0.34964405610143784 0.21012903438305414 0.4925289093463328
11 0.5438343678708328 0.31872481244614964 0.2808655980005671 0.1695686531980128
9 0.685863122047184 0.2031685110200939 0.244511435749515 0.20216298458010193
10 0.4946726376562808 0.14113107757146018 0.2769692716843643 0.19219763212077384
14 0.708011006793058 0.7031957820973328 0.2504241629688423 0.41621639422102225