10 0.473342908617204 0.104903329804045 0.26289611975432586 0.20980665960809
9 0.6730641122989856 0.14536261830779437 0.22245297618081672 0.22547758743238316
1 0.7391484503830761 0.2849355592142403 0.20917069233250327 0.5190044468254997
2 0.8756231594751338 0.228590351178853 0.21901104209507655 0.4286185628865759
5 0.8685080267886842 0.473121601178853 0.21697821450233407 0.17125247303829685
6 0.8642200289002553 0.6472765783000357 0.23358069279472177 0.20612168061464226
12 0.5340611674591997 0.6368162789185572 0.2870921377010145 0.22373948637421642
8 0.3217142801538966 0.7024724561992194 0.25018918276559193 0.294769592433353
4 0.19949961401484512 0.5098062083252514 0.3911969645023341 0.1854738250145475
0 0.12333623960841225 0.6860973834798818 0.2466724792168245 0.2199927330402364
11 0.5135179645688411 0.2713984440712479 0.29585337226160835 0.20341101092002356
14 0.6588194750601893 0.661705095428977 0.22674698574772806 0.4534112687959313