7 0.514407420913346 0.38424572970416526 0.14419035178688588 0.08995461850553062
8 0.405911830000875 0.418314992286067 0.12674818380210837 0.08340460957707681
12 0.3511805676435854 0.4759950787312306 0.1501684377564411 0.1025500758918568
6 0.22876971536240784 0.5637660397710047 0.14443043231923358 0.07668700527500576
5 0.34213453699750696 0.6212530316533298 0.14368101581733078 0.0774546185055307
2 0.5241392706858845 0.7018286960189452 0.2697898710642578 0.18348820454365722
9 0.6182832015222435 0.63623669804754 0.16660652125453837 0.10361769805083547
10 0.7600223739556453 0.6113475665530708 0.1696360207602467 0.10132849512873605
13 0.7923639831569049 0.4891686034847016 0.3640664530794801 0.17888825365015268
11 0.5868368833471853 0.5637616801906326 0.18256710228117753 0.09296657020981396
4 0.5927114930427367 0.43877531696010774 0.17071835969555132 0.12789099512873606
0 0.4765652282139891 0.5071104853862082 0.15684951927737192 0.09407905681713338
1 0.5434596150583967 0.649784954947399 0.32253021049385405 0.21329448132901838
14 0.30289030627487884 0.5290967593321956 0.22004985623551016 0.11235749837514693