7 0.5405988855894435 0.3595876678549111 0.14317098997087002 0.09159176959604132
8 0.4346133100417651 0.3986394591585648 0.1258016335443795 0.08484166442319178
12 0.38397446404011565 0.4587562567304245 0.14900345282385158 0.10425089396922065
6 0.26783865017091985 0.5520552788337484 0.14356579506457737 0.07833325164935268
5 0.385077625956025 0.6041596849436699 0.14280727711788863 0.07909176959604132
2 0.5724843492338477 0.6761159383088822 0.267705640208297 0.1865442199126104
9 0.6619356426490725 0.6062687880714555 0.16543243487716291 0.10550951708875882
10 0.8017650207831755 0.574833268475414 0.16848923871722904 0.10325669530200407
13 0.822256160761196 0.45138139660951715 0.3554876784776081 0.18304479836328263
11 0.6254692937444292 0.5353939984171544 0.1815204361308041 0.09504939020829699
4 0.6226134152146147 0.410371266363843 0.1692621285298145 0.12981919530200425
0 0.5113780500126353 0.48397991409398744 0.1557846502374268 0.0958617324490227
1 0.588148801661988 0.6232720831360327 0.3201092261808167 0.21695078543115898
14 0.33944922571859815 0.5140036978757937 0.21878475541027634 0.11486779671392995