7 0.5012716991608743 0.375 0.14725535352912936 0.0875
8 0.3915172682471247 0.4109375 0.12959425684847722 0.08125
12 0.3347335493660113 0.46953125 0.1536712968904336 0.1
6 0.2091755970816374 0.559375 0.1470302105827436 0.07421875
5 0.3205974265408501 0.61484375 0.1463081601678251 0.075
2 0.4998929176177803 0.6921875 0.2760567049836663 0.17890625
9 0.5963903319347905 0.625 0.1701367464755151 0.10078125
10 0.7390873174126433 0.59765625 0.17308414772027056 0.0984375
13 0.7757254022704407 0.475 0.37011435830301415 0.17265625
11 0.5674616937622895 0.553125 0.1857142022843739 0.08984375
4 0.5777148773753314 0.428125 0.1750969336130419 0.125
0 0.4591056647179953 0.4984375 0.16005135145453692 0.09140625
1 0.5210467898182417 0.63984375 0.32980958963168217 0.2078125
14 0.28455502799538696 0.5234375 0.22385374232633018 0.10859375