7 0.5493404172311405 0.3348626813147349 0.145210680687266 0.09815592531467221
8 0.44419257179912475 0.378910524470902 0.12769563206674714 0.09060353444287887
12 0.39491959011649047 0.4414706466713634 0.15133452792830412 0.11107032241024269
6 0.28087810153645115 0.5403127336037532 0.14529588986866324 0.08493387489975354
5 0.3994100955435574 0.5870199450116893 0.14455558344622813 0.08565592531467221
2 0.58861975972248 0.6503333933473711 0.27187607926235663 0.19879731058738806
9 0.6765048620519007 0.5762195418928341 0.16778172150586884 0.11309476369695445
10 0.81569683683713 0.538219866578162 0.17078389077317446 0.11098781203728052
13 0.8267862774192629 0.41349163110030906 0.34642744516147417 0.19971046038225104
11 0.6383630529159322 0.5069493236364206 0.18361476141996072 0.10340045498366628
4 0.632593330505552 0.38189012405133915 0.17217597241038013 0.13755031203728052
0 0.5229970024863908 0.4607865638881584 0.15791539857509065 0.10300936867597628
1 0.6030640400256334 0.5966872524755777 0.32495349163225706 0.2316107332027677
14 0.3516509469684669 0.4988696721911725 0.2213161572815177 0.12493283548249731