7 0.5602984818322885 0.3934970950901601 0.14776756242753386 0.092410733209777
8 0.45620078425788274 0.42569698148049645 0.13006987939699588 0.08556053248413771
12 0.40864000016917784 0.4824628474524129 0.15425667848861035 0.10510170616793495
6 0.2972238812331637 0.5681597560752678 0.14746467348764042 0.07915676506094246
5 0.4173767556291897 0.6276662200477512 0.14674719636645772 0.0799107332097769
2 0.6088465206320992 0.7114757687739575 0.27710398924915436 0.1880729519915839
9 0.6947683030538141 0.6474802453603126 0.17072670136742757 0.10645587504240908
10 0.8331612522952098 0.6250472285700897 0.17366038273097573 0.10422125244707062
13 0.8324650661057953 0.5033458433608796 0.3350698677884093 0.18512405598260068
11 0.6545261982026256 0.5744048439090338 0.1862401310639857 0.09609129391688302
4 0.6451037875918627 0.44943212576019925 0.1758286606107628 0.13078375244707066
0 0.5375620966854168 0.5157887573412122 0.16058642682162033 0.09675349282842376
1 0.6217612377513422 0.6597322194995969 0.33102608576539316 0.21877980416850207
14 0.3669465788075693 0.5347594682336526 0.2244894301556002 0.11612354092165802