7 0.5493404172311405 0.3317619881618925 0.145210680687266 0.09897911818710821
8 0.44419257179912475 0.3764363725598582 0.12769563206674714 0.09132611485312828
12 0.39491959011649047 0.4393029054406151 0.15133452792830412 0.1119255283388291
6 0.28087810153645115 0.5388401330208399 0.14529588986866324 0.08576164106592543
5 0.3994100955435574 0.5848704969558842 0.14455558344622813 0.08647911818710821
2 0.58861975972248 0.6471000746761917 0.27187607926235663 0.20033393728260193
9 0.6765048620519007 0.5724511478545715 0.16778172150586884 0.11404600879399177
10 0.81569683683713 0.5336282796674633 0.17078389077317446 0.11195735030926066
13 0.8267862774192629 0.4087399789088589 0.34642744516147417 0.20180045561949136
11 0.6383630529159322 0.5033821545225312 0.18361476141996072 0.10444773924915438
4 0.632593330505552 0.37831838164371395 0.17217597241038013 0.13851985030926084
0 0.5229970024863908 0.45787794907221774 0.15791539857509065 0.10390573424818453
1 0.6030640400256334 0.5933533213422119 0.32495349163225706 0.23344919728454167
14 0.3516509469684669 0.49697175529083387 0.2213161572815177 0.12619506455356594