7 0.47564068195120174 0.43209334668541677 0.13869004465362345 0.09840516227775283
8 0.3640360530402415 0.46144639365099926 0.1499005604386391 0.10398548258119451
12 0.3053821188817268 0.5116060192549734 0.15541481306947508 0.10521314273291545
6 0.2064980268730566 0.6055795466757183 0.14374927097610019 0.09182032242947358
5 0.3091911163920652 0.6618451353160496 0.13231124203690497 0.08233375212603189
2 0.4947121164626524 0.7515606948686456 0.28206758930724707 0.19719296182840917
1 0.5148117848361515 0.7029636982026255 0.33696719190984814 0.23199826758798334
9 0.5843808321911982 0.6945132115385451 0.17935284200867016 0.11572007909743345
10 0.7203862216255021 0.6640121238162978 0.191306810438639 0.10736544515850958
11 0.5459623452747906 0.6128807032035953 0.18285727360693613 0.09579021637033698
0 0.4356842689099617 0.5520711357750916 0.1548687814994439 0.09583814273291544
13 0.7533190899425317 0.5568054016960848 0.3845555524755442 0.19467348183228844
4 0.5554045056851948 0.4911970218400471 0.17194986568619353 0.12211360030926066
14 0.24791895840073538 0.5547981677377646 0.29707096302712277 0.16109596516238903