7 0.5258072912372647 0.39140625 0.13971234604505725 0.0875
8 0.41910917700697714 0.4296875 0.15097762797604233 0.0921875
12 0.36746454953513785 0.484375 0.15650100829787322 0.09296875
6 0.28159774137315063 0.5859375 0.14468942314857935 0.08046875
5 0.3903989410048335 0.63359375 0.13315098960843982 0.071875
2 0.5854325715787659 0.7078125 0.2841121920901143 0.175
1 0.5991237309815904 0.6578125 0.33936777464151824 0.20546875
9 0.6668903851886349 0.64375 0.18053944183801285 0.1015625
10 0.797588728131599 0.60234375 0.19238387797604234 0.0921875
11 0.6184586030055481 0.565625 0.18380655347041036 0.08125
0 0.5015717517647108 0.5140625 0.1558454444359029 0.08359375
13 0.8116333996415183 0.49296875 0.3767332007169636 0.1640625
4 0.6122800227999328 0.44375 0.17321861473449046 0.10859375
14 0.3161094991668208 0.53203125 0.2986774366422327 0.1375