7 0.5258072912372647 0.36237557152668015 0.13971234604505725 0.09528094987294314
8 0.41910917700697714 0.4070271898437096 0.15097762797604233 0.10060548670464602
12 0.36746454953513785 0.4649453766330602 0.15650100829787322 0.10170525512049763
6 0.28159774137315063 0.5719226897025352 0.14468942314857935 0.08856821828879458
5 0.3903989410048335 0.6134360845396853 0.13315098960843982 0.07933743145709152
2 0.5854325715787659 0.6765976952465558 0.2841121920901143 0.19083491553090184
1 0.5991237309815904 0.6255966373681654 0.33936777464151824 0.22439784442774452
9 0.6668903851886349 0.607529905854604 0.18053944183801285 0.11166408404557515
10 0.797588728131599 0.558342705981661 0.19238387797604234 0.10301712613894995
11 0.6184586030055481 0.5319075505505799 0.18380655347041036 0.09162459983059072
0 0.5015717517647108 0.48694293202178895 0.1558454444359029 0.09233025512049746
13 0.8116333996415183 0.44742061653323956 0.37673320071696353 0.18590376280124374
4 0.6122800227999328 0.4098960426580721 0.17321861473449046 0.1182403077372161
14 0.3161094991668208 0.515786810791575 0.2986774366422327 0.15433597340929203