7 0.48476929256612067 0.4175282524863908 0.13664931733052796 0.0945013517635939
8 0.37405748185901466 0.45007740162730825 0.14775050843752044 0.09976206184950201
12 0.31667900227743473 0.501857907620202 0.15324654028868592 0.10082991689245624
6 0.22016361162592907 0.5985481218899817 0.14187253067003908 0.08775670680654776
5 0.32396816870483797 0.65173175486124 0.1306349303072194 0.07858974672063965
2 0.5112201428441223 0.7358997942095049 0.27798613466105593 0.18924836499257686
1 0.5301536813187097 0.6868005529159322 0.3321751268565075 0.2225012782669884
9 0.5993947546396874 0.6763410877416411 0.17698414065150558 0.1106519742194024
10 0.7344344427514551 0.6419361895052351 0.18915675843752044 0.10193207146044045
11 0.5591541897562302 0.5959641909755731 0.18096231252120454 0.09058513568479168
0 0.44767354193314846 0.5384648722286661 0.1529191580747007 0.09145491689245625
13 0.7648164019146149 0.5339532711424407 0.3807291887447398 0.18371541723114043
4 0.565753908538037 0.4742120217082677 0.1694171773119944 0.1172737884437538
14 0.2603273093563436 0.5466481071906607 0.29386410580511535 0.15264912369900402