7 0.4802074609199828 0.42334757633813347 0.137669127997928 0.09606107649501698
8 0.3690494830458892 0.454619757862681 0.14882495181924557 0.10144948334256228
12 0.3110336217971842 0.50575265885013 0.1543300891227985 0.10258118676633483
6 0.2133345223353035 0.6013574506459956 0.14281039226595166 0.08938027991878954
5 0.3165836468185748 0.6557724452473247 0.13147263192686945 0.08008562307124442
2 0.5029706029810466 0.7421569355297171 0.280025755995856 0.19242254163898204
1 0.5224868904084341 0.6932583605758597 0.3345698608344202 0.22629569632705895
9 0.5918918618723867 0.6836015607604298 0.17816784946188075 0.11267688001107459
10 0.727414138960692 0.6507563872554468 0.19023120181924574 0.10410291640826923
11 0.5525618422276797 0.6027229981450735 0.18190927956950453 0.09266476866002264
0 0.44168215426217294 0.5439011057954977 0.15389344148016337 0.09320618676633483
13 0.759070861458102 0.5430835895994852 0.3826413337461151 0.18809359191583716
4 0.5605820115819365 0.48099819246954745 0.17068283519385705 0.119207482262828
14 0.2541264962804556 0.5499043746124038 0.2954666654253155 0.15602396668512436