7 0.5189502323600028 0.43209334668541677 0.13817943068726599 0.09840516227775283
8 0.4115814676606817 0.46144639365099926 0.14936259215265543 0.10398548258119451
12 0.3589787680902231 0.5116060192549734 0.15487228573022022 0.10521314273291545
6 0.271332683173657 0.6055795466757183 0.14327968848918218 0.09182032242947358
5 0.37929899140511436 0.6618451353160496 0.1318918091359686 0.08233375212603189
2 0.5730323812737776 0.7515606948686456 0.28104636137453215 0.19719296182840917
1 0.5875994923096256 0.7029636982026255 0.3357681608995623 0.23199826758798334
9 0.6556125079134578 0.6945132115385451 0.1787601650834338 0.11572007909743345
10 0.7870362483025193 0.6640121238162978 0.19076884215265544 0.10736544515850958
11 0.6085494001569701 0.6128807032035953 0.18238313206674697 0.09579021637033698
0 0.49256587403768837 0.5520711357750916 0.1543809627994417 0.09583814273291544
13 0.8078666474434367 0.5568054016960848 0.38359815128862385 0.19467348183228844
4 0.6045059520568495 0.4911970218400471 0.17131615728151778 0.12211360030926066
14 0.3067888263216805 0.5547981677377646 0.2962685696514182 0.16109596516238903