10 0.2938871217718561 0.16384783479993473 0.12537633045771682 0.19596246067419268
6 0.5406799943000168 0.10774678396305419 0.35325567599857094 0.13793737899751593
5 0.6497661451528665 0.32343035041622453 0.14585807526193673 0.23200449980360824
12 0.5703296534507397 0.23096157016560354 0.13968448491686286 0.2553965480082102
1 0.5114688336366846 0.42497519057891253 0.1358821417217971 0.22335620764913067
11 0.42133514255497645 0.3067978832009284 0.15469784369926867 0.17973347267624523
9 0.33035559143035476 0.47991319633444907 0.23435711859288838 0.45898970150081053
0 0.6317981231092384 0.546881485954844 0.1525451178365838 0.2382908612399266
2 0.5164305771803968 0.7560615641154793 0.2187538979259834 0.48154595755093477
8 0.6352627046522361 0.8100354709277294 0.14026327514572118 0.35301643657189175
4 0.3984836065134919 0.7341007265850701 0.12564948206687115 0.1998687106741926
7 0.28349275502055316 0.8597188710024841 0.16766737328446535 0.27586358411256384
3 0.4038545315036567 0.8918177778147343 0.13559828243518837 0.1522897287263696