10 0.33661452125844893 0.2408260038583978 0.1184069077089811 0.20279685409082884
6 0.5770189843561588 0.19409774137315067 0.3311274446112712 0.15464820323797915
12 0.5990543370999342 0.31408781328089275 0.14089582871331618 0.2549438621366006
5 0.6821482871846387 0.4093235396477807 0.13581421558737147 0.22113159084927717
0 0.6698625768589391 0.6202610396477808 0.14958828925077725 0.24388067599857094
8 0.6818719402672325 0.8582156906458998 0.13873336021276012 0.2835686187082004
1 0.5520141951759687 0.5021998184766728 0.12855545243319177 0.2167336679527992
11 0.4625183266471777 0.3821990388914761 0.14364983141473928 0.1819980350330784
9 0.37557352154079754 0.5416343870302203 0.2134974127588915 0.4327517878830699
4 0.45277524544419984 0.7784402543626009 0.12085707352223167 0.17807000569998319
2 0.39026129294042083 0.8874162610848394 0.37665131818997255 0.22516747783032115