6 0.34166167722717644 0.2326713746881591 0.11385171279135697 0.2002975605867512
1 0.5805902571715762 0.1804154776646965 0.32804813284695733 0.1470955936709125
8 0.6053769476455966 0.2997305578961549 0.13515628311710975 0.25198849317557437
7 0.6905480666127378 0.39290482319763587 0.13085816351699647 0.21824919396136275
12 0.6831819667980723 0.6038423231976358 0.1441220553496283 0.24070639081820958
4 0.701331732955323 0.8503848750500946 0.13104419119181063 0.29923024989981073
0 0.562782675961232 0.4886817419327202 0.1236905042611692 0.21401545822938636
11 0.47064479438021917 0.3709248535957099 0.1396230391075596 0.17887847890755076
3 0.38754457378431384 0.53216626054397 0.20371285407583475 0.42833697745980875
10 0.4701214276905127 0.7668559377561097 0.11688494355406327 0.17547949710451577
13 0.410741449290059 0.8843787985415628 0.37098465571244804 0.23124240291687465
14 0.3300346302302506 0.7000771985094767 0.15612354754508004 0.2716845630679504