10 0.3602364239735921 0.1860939688461108 0.1091221033577261 0.18217867999586815
6 0.5937579959818644 0.11973769776020785 0.3232386000159083 0.12467922378319471
5 0.7100444252864567 0.3286925108304855 0.12519254602958957 0.22082360590767375
0 0.6998228985916853 0.5359055987863883 0.1401726560311804 0.232887848023889
12 0.7186797972231413 0.7947714525098604 0.11298399470877066 0.312701981382639
1 0.58239104527373 0.42538828571611054 0.1204505020289531 0.21602700313413195
11 0.4899319199554566 0.316632841186944 0.13250505935708984 0.17803669386357654
9 0.4138223112667303 0.48086030176802047 0.19489816072563357 0.4387936623284377
4 0.4900013612349136 0.7133987384134024 0.11317380402608972 0.19476959897381968
3 0.4989116425445966 0.8873629152751384 0.13886414735836256 0.18755716422829885
7 0.38835595054905087 0.8571325142489581 0.13181526336727112 0.2530003262723959