10 0.3454413648553779 0.21031061404459903 0.11044044236879244 0.19718073741809833
6 0.5832646931828667 0.1428974228936225 0.32574211404130365 0.13767687256272035
12 0.610111790992116 0.26036161242304123 0.13085808238467855 0.24830290665497756
5 0.6968384492719466 0.347883157472347 0.12714670129724617 0.2146546095770768
0 0.6931565215136507 0.558820657472347 0.14002853084255093 0.23674779788867967
8 0.7159046802005185 0.8216246205407162 0.12528596671852163 0.331773925729701
1 0.5708469192401745 0.45161390381889904 0.12004726744987035 0.21062562865180023
11 0.4767305008140742 0.34000997646434494 0.13660747605401263 0.17498813758025406
9 0.3965093924548133 0.5062037666423869 0.1963854452081663 0.4228313482129911
4 0.48311154545963814 0.7350906513832671 0.1139103157455871 0.17224892126547395
2 0.42607852110990896 0.870420225246529 0.3667410353067778 0.24929621103647862