6 0.2996849975529293 0.13889994731356542 0.11853921279135697 0.2050866241282868
1 0.5445634771345093 0.07298065007050962 0.3484970421027844 0.14596130014101924
7 0.6612251543616857 0.2684939536751402 0.13776292794496675 0.24259618605101832
8 0.5785341946503716 0.18304376069689926 0.13076888347992952 0.265350180867222
0 0.5264557955613455 0.38075809076291767 0.128087827582147 0.2331822298304628
11 0.4321651369384905 0.27062025607875084 0.14843504391688303 0.19134604434509228
3 0.347229597830931 0.45017990843509337 0.2183309147829407 0.47551528426032375
12 0.6510787949283733 0.49213650523027913 0.1442311827542902 0.2493929901980554
13 0.543013290667204 0.7095474721012511 0.20193458846673806 0.4966678228559719
4 0.6637598110856241 0.7535039407156494 0.127929114875608 0.36245962672018484
10 0.42427321435100146 0.6973488514133341 0.11867562204718407 0.20899287412828685
2 0.31365811816453304 0.8316445219129637 0.15804071161023056 0.28798659849212954
9 0.43516853041558506 0.853725990527362 0.130292679126093 0.16249858294074038
14 0.300582743206942 0.6707849343540747 0.20901542376861534 0.3648805806316663