3 0.5658029758026697 0.7675532954946673 0.1285403387085136 0.2492080955329392
4 0.6438465849844601 0.627685966710951 0.12030615363849115 0.1895783844080688
8 0.7525003010717294 0.7079663180348585 0.12845475558157132 0.33105740901517466
0 0.71779985359571 0.4504277998378935 0.15272270140496075 0.2495548519430802
5 0.7097368347795723 0.22688113792723463 0.13655189185166688 0.23710835587202156
12 0.6156721575674327 0.14044067783582148 0.1383883736547018 0.2598009931755744
10 0.3371982471045159 0.096620769489914 0.11434725206691461 0.193241538979828
11 0.4792488141014079 0.22039150517179573 0.14795811869230313 0.18073207733597424
9 0.4118366439185815 0.4036085736164298 0.2204689352749103 0.4655287624059968
7 0.39891938275092975 0.6978144919372293 0.18392996773989906 0.43420383374611493
1 0.5850343953663236 0.33995268031702086 0.13306301881613755 0.22915030665780983