6 0.3404008710270768 0.18789977316868137 0.11498962452429895 0.2040493843979657
1 0.5796981343729496 0.10529534088704925 0.3288173611784261 0.1584332218303488
8 0.603797526160273 0.22090449437081036 0.13659005190061677 0.25642495636839735
7 0.6884497573771927 0.3027606590644591 0.1320962114824372 0.22257611485312828
12 0.6798547128909499 0.5136981590644591 0.14548754942915867 0.24547148091420462
4 0.696470574032195 0.7747473583058546 0.13296498619701644 0.33944475045904204
0 0.5600926526245573 0.41446304679640467 0.12490579399195134 0.21809590894377298
11 0.46861475984865064 0.30902586089092854 0.14062895307948028 0.18356141227775274
3 0.38455414175014235 0.480183125893838 0.20615708847819417 0.43496428667377884
10 0.46578825981146965 0.703254221951035 0.11787720258518863 0.17936824879205204
13 0.405625398138752 0.8420933234682437 0.37240021790822786 0.27255936577121237
14 0.32605193916495373 0.6547046358957778 0.15766655585494932 0.2768330512176462