6 0.32535712014826756 0.1417102993814785 0.11455111723786064 0.20176940727678297
1 0.5523561297669144 0.11071616452447089 0.3145932680561673 0.13006910576927252
8 0.5834746657944312 0.22347138497769384 0.12785221460545557 0.24803850045904197
7 0.6646130491895426 0.2869601869442462 0.12210072241000383 0.21718711318613834
0 0.5307340677938641 0.3952665077067299 0.12433534500534212 0.2142534318225902
11 0.45484866878965596 0.27058511422490844 0.1337549850238755 0.19398872924721466
3 0.3688689848542396 0.4349662207430871 0.21673120924797792 0.45082840273485514
10 0.44405992469528777 0.6687675227096394 0.1273512176006804 0.2113835233378591
13 0.5449304547323546 0.7026007755845773 0.2073314165970393 0.5162780595525959
12 0.6498709589935239 0.4860354157324188 0.1381076683263199 0.22940007076248375
4 0.6734894751507747 0.7466382048220936 0.12287702712666011 0.3286507716708694
9 0.4431447215225776 0.8511336125579186 0.14612849945184578 0.2136953224294736
2 0.3241988032810758 0.7548959545322296 0.1620065037130151 0.42299057409646357
14 0.32561994874190486 0.6472747731686813 0.18605163892222515 0.39768755621861607