10 0.33125 0.182247403193211 0.1078125 0.19736177273741298
6 0.5578125 0.1789791176413978 0.3109375 0.1173572322426839
12 0.59296875 0.29603662505577155 0.11953125 0.2431517752088709
5 0.6765625 0.3697553093521715 0.11484375 0.21249202422028776
1 0.54609375 0.4620953651699399 0.1171875 0.20946252471457924
11 0.465625 0.3275665148659287 0.12734375 0.18878261018984296
9 0.38515625 0.4821001645619175 0.2015625 0.4425880425090766
4 0.46875 0.7261313488583174 0.1203125 0.20646485870696818
2 0.57109375 0.7591153210451204 0.18984375 0.48176935790975933
0 0.66875 0.5678744743711995 0.13046875 0.22406619418223173
8 0.7015625 0.8324927312912818 0.11171875 0.3240834402278988
3 0.47421875 0.9025808135071738 0.1390625 0.19483837298565235
7 0.3515625 0.7947209042867766 0.14765625 0.41055819142644695