3 0.4688778707273468 0.7613822189240791 0.13565777054543168 0.25057539462538864
4 0.5635535985315299 0.6205304347937992 0.12568985207923689 0.19088187620953717
8 0.6617883437576451 0.6995893322617854 0.13796747697899042 0.3323791314712091
0 0.6587271564196255 0.4423151585560271 0.15981732096035017 0.25120472618130235
5 0.678001987752938 0.21874115066351943 0.14330432718412744 0.2385759235645839
12 0.5950253896223934 0.1333489532096507 0.1458023651514914 0.26127767619541975
10 0.32362490891842527 0.09499140473807849 0.11991344875988892 0.18998280947615698
11 0.44961687862473126 0.21493142412928118 0.15304525747317718 0.18236372091963043
9 0.36021972405598357 0.3990326793203659 0.23379130768760295 0.4678531708631608
7 0.3114573796504166 0.6935485187687873 0.19638547345450555 0.4361180524755442
1 0.5402041445967709 0.33332583738228283 0.13958733133331247 0.23058141304124025