10 0.3500338710686595 0.21352906999010246 0.11854614820967199 0.18529677012638804
6 0.586751423504983 0.16479275610443547 0.32938471622369897 0.13405625395672888
5 0.6919338695275 0.3827349298942966 0.13662432217608042 0.2243968916776855
0 0.6708542041989649 0.5893567441186478 0.15221904379845022 0.2368935696514182
12 0.6761076989571777 0.8459669944304615 0.12925071560539028 0.30806601113907706
1 0.5593635965485408 0.46985207032878673 0.13163643352713236 0.21946373021229632
11 0.4727227945736425 0.35400134102100156 0.14168325956072395 0.1818375774533343
9 0.38809057141011316 0.5126117011523383 0.21767976480251133 0.44432428934826473
4 0.45197738896271505 0.7511220024863908 0.12325343460686647 0.19800148801421252
3 0.4517504441768157 0.9150719497676862 0.14853403685861988 0.1698561004646276
7 0.34291566471945145 0.8794548147044923 0.14492697794389137 0.24109037059101546