6 0.3341955422066367 0.18804311547443203 0.11118078206036701 0.19924811305535756
1 0.5605398538950339 0.1887388784168501 0.3127648271096728 0.12279754707269794
8 0.5977143457773592 0.3064114968044668 0.12369046468992692 0.2452431525178964
7 0.6825354050301244 0.3815927783039107 0.11847113068039512 0.21450138673288083
0 0.5537712512145208 0.47165008895431126 0.12076033360249454 0.21151289462538864
11 0.4710115239426921 0.335713317978211 0.13054839082666483 0.19101067882625564
3 0.39329740137667646 0.4888390470021108 0.20914454382819453 0.44611467875566857
10 0.4810912763750288 0.7343328285015547 0.12383078652459396 0.20856990514873247
13 0.5841714119266881 0.763280989247248 0.19858491923358396 0.473438021505504
12 0.6781866444768176 0.5795752519955514 0.13428704545304768 0.2263489393495995
4 0.7155947357899499 0.8408742746929458 0.11729618871534449 0.3182514506141082
9 0.48975103043221857 0.9061211188865045 0.14259442329406902 0.1877577622269911
2 0.36524017978359546 0.7971505926310856 0.15482919074393936 0.40569881473782876
14 0.361014555596022 0.6961209259836583 0.1793519038123085 0.3936498314147393