9 0.4781405683277942 0.764468697988579 0.13280770974529404 0.24989153663473135
10 0.5712268391472851 0.6241092916115724 0.12353403685861988 0.1902299315917773
4 0.6704572786913972 0.7037791022178791 0.13415826110188345 0.3317180687469069
12 0.6643724691583598 0.44637271596726047 0.15697639497046936 0.25037953753924247
7 0.6810347447582127 0.2228123852345658 0.14060042334809958 0.23784191598794502
8 0.5969985086378733 0.13689589665452653 0.14283355181801466 0.2605391095655099
6 0.3249220519748982 0.09580633551027842 0.11768455505721712 0.19161267102055685
11 0.4524486698043552 0.21766229703863932 0.15100819478589927 0.18154765038411283
3 0.3651525215946833 0.40132132406243226 0.22845657849760173 0.4666906122790433
2 0.3198157310354356 0.6956821556996381 0.19139786705426473 0.43516065128862386
0 0.5444883706072342 0.3366402691103352 0.136974775599853 0.2298656416776855