10 0.2929184379627195 0.18877203776687118 0.12651864627037793 0.20377804066665622
6 0.5400311589184252 0.1524956087272214 0.3540507278041831 0.16198531743586525
5 0.6478516238508465 0.37831459275518176 0.14721057718412744 0.241077131123531
12 0.5689588744755464 0.27883388839621553 0.1411740647365729 0.26392263527271587
1 0.5089648773753315 0.46915031246148786 0.13718438174823094 0.2317729861025528
11 0.41952571430772123 0.3429411647412173 0.15574420498366628 0.18968057448483525
9 0.32753635600470715 0.5096182566479845 0.23703470685776598 0.47314519253611154
0 0.6285767925175341 0.6015744939999372 0.15393417386477956 0.24780072780418294
2 0.5119892533007704 0.7776409858461315 0.22156399482512973 0.4447180283077369
8 0.6305015323450645 0.8429803440430937 0.14232401287176194 0.31403931191381246
4 0.3941747912681342 0.770817711006951 0.1268146441957856 0.20768429066665614
7 0.2784528576550923 0.8723213034265609 0.1692757539486922 0.25535739314687833
3 0.3986227250816688 0.9246780927435708 0.13648471950581326 0.1506438145128584