6 0.33155366256761687 0.2326713746881591 0.12297446970431691 0.2002975605867512
1 0.5734380157518155 0.1804154776646965 0.33421511652011837 0.1470955936709125
8 0.5927145610504081 0.2997305578961549 0.1466509568274393 0.25198849317557437
7 0.6737257028652396 0.39290482319763587 0.14078372303829667 0.21824919396136275
12 0.6565070255845773 0.6038423231976358 0.1550693636451804 0.24070639081820958
4 0.6623593154231582 0.8503848750500946 0.14644340486088686 0.29923024989981073
0 0.5412164786189948 0.4886817419327202 0.13343360864421036 0.21401545822938636
11 0.45436979604749866 0.3709248535957099 0.14768755621861623 0.17887847890755076
3 0.36356996861705515 0.53216626054397 0.22330853592487276 0.42833697745980875
10 0.4353819693659612 0.7668559377561097 0.12483998758216437 0.17547949710451577
13 0.36972553420939114 0.8843787985415628 0.3823333653121702 0.23124240291687456
14 0.29810498103489075 0.7000771985094767 0.16849400591905378 0.2716845630679504