6 0.3656170350675788 0.18994403546856414 0.12183114627037792 0.20342284315616715
1 0.5975406186759764 0.10872531118886601 0.33344222987877553 0.156539878223746
8 0.6353860060232848 0.22450367654085007 0.14521036930067624 0.2556840827832049
7 0.7304160087225771 0.30687662342663924 0.13953978714217125 0.22185353444287886
12 0.7463998966945853 0.5178141234266392 0.1536973755244535 0.24467572780418312
4 0.7936939068670549 0.7790233879487862 0.144513474904398 0.33874503651747145
0 0.6138932047831736 0.41785185745459963 0.13221253921676368 0.21741448817714523
11 0.5092155149463544 0.3118521564196256 0.14667685830301416 0.18277937904893857
3 0.4443628773985534 0.48255666534269526 0.2208526771887719 0.433857549589726
10 0.5524517549975994 0.70615826347324 0.12384300954776961 0.17871884108157482
13 0.5079465836316195 0.8446772344289457 0.38091107096035015 0.27043735747782166
14 0.405705886946323 0.656776337958075 0.1669436593426326 0.2759732719953242