9 0.5658029758026697 0.7552027721205027 0.1285403387085136 0.25194454827463025
10 0.6438465849844601 0.613365197362769 0.12030615363849115 0.1921871360218141
4 0.7525003010717294 0.6912009842374327 0.12845475558157132 0.3337026466654757
12 0.71779985359571 0.43419151357052793 0.15272270140496075 0.25285683825138694
7 0.7097368347795723 0.2105901226050353 0.13655189185166688 0.2400454818147697
8 0.6156721575674327 0.12881289534194268 0.1383883736547018 0.25762579068388536
6 0.3371982471045159 0.09335982997273243 0.11434725206691461 0.18671965994546486
11 0.4792488141014079 0.2094639372233104 0.14795811869230313 0.18399757760772528
3 0.4118366439185815 0.39445057844090453 0.22046893527491035 0.4701807320668713
2 0.39891938275092975 0.6892767593831539 0.18392996773989906 0.4380348675844822
0 0.5850343953663236 0.3266900060289593 0.13306301881613755 0.23201446052744618