9 0.459598824363057 0.7737176867610053 0.13851286173444385 0.24784227767481432
10 0.5558668145611124 0.634833746835139 0.1278494723375921 0.1882763047166563
4 0.653104108057733 0.7163342287789718 0.141783416164305 0.32973711841898706
12 0.6530718796413899 0.4585316524627691 0.16266326121606448 0.24790676506094247
7 0.6749638778979634 0.23501230690927288 0.14601300344036988 0.2356423780376339
8 0.5930487880300003 0.1475247197932971 0.14877641847337914 0.2583259098887993
6 0.3223254763900928 0.09934271325469313 0.12214627648462928 0.19430804990733277
11 0.4467800893023153 0.22584567115190865 0.15508591559865703 0.1791022013586116
3 0.35527822007500076 0.4081795107149552 0.2391354527337028 0.4632068720471841
2 0.30308427568264024 0.7020758436545798 0.20138188303527702 0.43229168874473983
0 0.5359123568799544 0.34657234420273386 0.1422044982565737 0.2277207506329722