6 0.3440371103776066 0.14752253547434394 0.12243479751513356 0.19987768892580315
1 0.5696524170163023 0.12050375077519235 0.3188702444009227 0.12461328038021491
8 0.6135702056083663 0.23387583590808264 0.13758712344986107 0.24594116054817308
7 0.7024919182657022 0.2988314050018439 0.13059083963168217 0.2151720218992251
0 0.5794231164008913 0.4048484723975623 0.13269779129135628 0.21219721622369914
11 0.48900883610719725 0.2787551442045023 0.14125565249415536 0.19175430829641965
3 0.42049840229366264 0.4417243160114424 0.2344774693053207 0.4472917119047626
10 0.5223256244987684 0.6769923851052037 0.13558599295103005 0.20927247532299767
13 0.62786615209317 0.7126213996031732 0.22779068403724914 0.5129469902823924
12 0.7097161128764063 0.4977695527500906 0.14704463382282337 0.22711081739571828
4 0.7624788730488758 0.7589480822074548 0.13593138029833832 0.3266905127999264
9 0.5416470774078421 0.8594544316814311 0.15439519253611173 0.21125527991878953
2 0.4109396838367566 0.7610646013289027 0.1787952317528753 0.42039974244186096
14 0.4004263910955078 0.6534022956533768 0.2017232462750224 0.3946580652362499