6 0.3529961351446221 0.2001411253118409 0.11044044236879244 0.2002975605867512
1 0.5886103068171333 0.12583452233530348 0.32574211404130365 0.1470955936709125
8 0.619575709007884 0.2424569421038451 0.13085808238467855 0.25198849317557437
7 0.7094115507280534 0.32740767680236416 0.12714670129724617 0.21824919396136275
12 0.7130934784863493 0.5383451768023642 0.14002853084255093 0.24070639081820958
4 0.7450328197994815 0.8003528711780117 0.12528596671852163 0.3352547574435981
0 0.5869655807598255 0.4347557580672798 0.12004726744987035 0.21401545822938636
11 0.4888944991859258 0.32595014640429004 0.13660747605401263 0.17887847890755088
3 0.41442810754518666 0.49439623945603 0.19638544520816628 0.42833697745980875
10 0.5090759545403618 0.7206440622438903 0.1139103157455871 0.17547949710451577
13 0.45673397889009115 0.8575661734925953 0.36674103530677793 0.25985245884855884
14 0.36583842329077376 0.6671103014905233 0.15149786485208255 0.2716845630679504