10 0.3545734589737982 0.16281660947185256 0.11435295456235509 0.18905152101800904
6 0.5898689718253796 0.08151065499472336 0.32665002471457943 0.1453479135724068
5 0.6999920938410396 0.2828401262010199 0.1315377959691176 0.22869978138560168
0 0.6837437168452827 0.4905548813848162 0.14685904844057554 0.24171719123481453
12 0.6950499954770135 0.7480160668701865 0.1220128987445868 0.31972532257314795
1 0.5696095740693761 0.3876629101785196 0.1266592949805343 0.22360217827532383
11 0.48037993079917773 0.284927472384075 0.13759945357377176 0.18641453656939788
9 0.3995398131949611 0.4539207716301397 0.20754317494204083 0.4509841759662496
4 0.46889601376580237 0.6813923692737973 0.1187685405319101 0.2018932736099071
3 0.4727346436901277 0.8546542120164824 0.14423145555093822 0.19633634071643513
7 0.36313415061020987 0.8315474856263897 0.13909296939110263 0.2612778355326384