6 0.3361601235152496 0.14558674354371218 0.11342731716790108 0.2005077344126597
1 0.5623589106622682 0.1172439502127606 0.31398359514371954 0.12643036808868527
8 0.6008795045523465 0.23041058573037154 0.1264645262599588 0.24663968924012272
7 0.6865191393503671 0.2948776412944687 0.12089047618081654 0.21584315730913756
0 0.5588918960142848 0.40165715504022365 0.12314329796757129 0.21288204827463023
11 0.4746041610579795 0.276034078188803 0.13268578252816496 0.19249849245843142
3 0.39872728582687034 0.4394735013373824 0.21420152164110534 0.4484696230323639
10 0.4893225082467632 0.6742530569014795 0.12617736975432586 0.20997556956195354
13 0.5928937891255757 0.7092839847416359 0.20441499617256936 0.5140564182049008
12 0.6844805808914477 0.4938614445127774 0.13683372492717538 0.22787326374575495
4 0.7249537828573694 0.7548482209958809 0.1210161598043383 0.3273433860218141
9 0.5001105587216169 0.8566831446486635 0.1449501018076372 0.21206794728589448
2 0.3743627494712746 0.7590101051761096 0.1596133100417651 0.421262630826034
14 0.36888197611430956 0.6513614961416023 0.18381768817586827 0.3956670511246216