6 0.31846288962239344 0.18804311547443203 0.12243479751513346 0.19924811305535756
1 0.5459725829836977 0.1887388784168501 0.31887024440092265 0.12279754707269794
8 0.5723672943916338 0.3064114968044668 0.13758712344986107 0.2452431525178964
7 0.6506330817342978 0.3815927783039107 0.13059083963168217 0.21450138673288083
0 0.5127643835991087 0.47165008895431126 0.13269779129135628 0.21151289462538866
11 0.4422411638928027 0.335713317978211 0.14125565249415534 0.19101067882625564
3 0.34981409770633737 0.4888390470021108 0.2344774693053207 0.44611467875566857
10 0.41517437550123165 0.7343328285015547 0.13558599295103005 0.20856990514873247
13 0.51432134790683 0.763280989247248 0.22779068403724914 0.473438021505504
12 0.6277838871235937 0.5795752519955514 0.14704463382282337 0.2263489393495995
4 0.6406461269511242 0.8408742746929458 0.13593138029833832 0.3182514506141083
9 0.40679042259215786 0.9061211188865045 0.15439519253611156 0.1877577622269911
2 0.2921853161632435 0.7971505926310856 0.17879523175287523 0.40569881473782876
14 0.2980111089044921 0.6961209259836583 0.2017232462750224 0.3936498314147393