6 0.3618229787415511 0.2062450221698308 0.1184069077089811 0.19842679130365362
1 0.5948560156438412 0.13607596001649458 0.3311274446112712 0.14144232007089497
8 0.6306331629000658 0.25320362404397495 0.14089582871331618 0.24977634263643722
7 0.7241017128153613 0.3396974020197935 0.13581421558737147 0.21609166442319178
12 0.7363874231410609 0.5506349020197934 0.14958828925077725 0.23833037727617318
4 0.7790655597327675 0.8131205301538966 0.13873336021276012 0.333165504156635
0 0.6057983048240313 0.44487429849629667 0.12855545243319177 0.21198082594338974
11 0.5031066733528224 0.3343890910535915 0.14364983141473928 0.17654343111623927
3 0.43536397845920244 0.5014833143314142 0.2134974127588915 0.4250324069013445
10 0.5394122545558002 0.7293151461472988 0.12085707352223167 0.17354045157021042
13 0.49255120705957917 0.8652813898790924 0.37665131818997255 0.2535164227364618
14 0.3937210519814339 0.6732961298499627 0.16230039185337847 0.269117376022532