10 0.35697408577170125 0.12204350737719276 0.10296461189159736 0.16498035425834384
12 0.5554473001524999 0.14595721536240785 0.11564775626826407 0.24042602323170464
9 0.6050803581887845 0.32735445399370133 0.20293216356270846 0.36886404102620174
0 0.6551491741088536 0.5235636091268976 0.13074542619614604 0.2184064431936484
5 0.4962274625778467 0.5776502257425312 0.11815450721819457 0.2139908572240934
11 0.4825702317638886 0.29254039669305826 0.11208634517409735 0.22154868923931578
2 0.37640984432107605 0.36008733543808247 0.1765709917349656 0.4434992850947027
7 0.34982262842166606 0.6975700893924153 0.15634875750253502 0.4130159476422726
6 0.36361302469819384 0.6751539199247629 0.2291699680836116 0.4901315459691176
4 0.5961514613435757 0.744510120495604 0.12120677203583341 0.21099319121648213
3 0.48372354331555484 0.7795310607235031 0.11751872758291686 0.2202090237259963