10 0.3371428798517324 0.14364937592543892 0.11455111723786064 0.20113829274124867
6 0.5632688702330856 0.11398149625180046 0.3145932680561673 0.12824893486244177
12 0.6024628342055689 0.22694251492313242 0.12785221460545557 0.2473387865174713
5 0.6885119508104574 0.29092065931941063 0.12210072241000383 0.2165148390069822
1 0.5614534322061359 0.39846324002802314 0.12433534500534212 0.21356743776222675
11 0.476401331210344 0.2733107972914189 0.1337549850238755 0.19324328236828645
9 0.40144351514576043 0.4372208545548146 0.21673120924797792 0.44964849295103004
4 0.49344007530471223 0.6715114989510929 0.1273512176006804 0.21067923610255282
2 0.5972570452676453 0.7059438533054146 0.2073314165970393 0.5151667491748075
0 0.6876290410064761 0.4899501551702257 0.1381076683263199 0.2286363307086125
8 0.7296355248492252 0.7507450225968022 0.12287702712666011 0.32799679066665616
3 0.5052927784774224 0.8539096018555223 0.14612849945184578 0.212881276144509
7 0.3789261967189242 0.7569539367133197 0.1620065037130151 0.42212622158040586