6 0.2929184379627195 0.17807189775600354 0.12651864627037793 0.19986469022789902
1 0.5400311589184252 0.13328461566423142 0.3540507278041831 0.1499442391627661
7 0.6478516238508465 0.35475239186168556 0.14721057718412744 0.23653436068413444
8 0.5689588744755464 0.258281957070994 0.1411740647365729 0.2596535257031626
0 0.5089648773753315 0.4501856141813566 0.13718438174823094 0.22755860870696817
11 0.41952571430772123 0.32742459342111 0.15574420498366628 0.18469994665368966
3 0.32753635600470715 0.4968656601132932 0.23703470685776598 0.4660573760071737
12 0.6285767925175341 0.5780943913673939 0.15393417386477956 0.24303902866891214
13 0.5119892533007704 0.7692874877941691 0.22156399482512973 0.4614250244116619
4 0.6305015323450645 0.8318697127274615 0.14232401287176194 0.3362605745450772
10 0.3941747912681342 0.7550548449039848 0.1268146441957856 0.20377094022789882
2 0.2784528576550923 0.8676006534217663 0.1692757539486922 0.26479869315646737
9 0.3986227250816688 0.9135358483640259 0.13648471950581326 0.15665585969555132
14 0.2720163713520468 0.7124614852084334 0.22321881536127286 0.35567829152049324