6 0.31898860030926074 0.17273486407579886 0.12766196970431692 0.19791278276940982
1 0.5574932487920521 0.12370252450437547 0.3548464809142046 0.1439383700597225
7 0.6993770862244352 0.3429999980032298 0.14856427212991113 0.2342685100679862
8 0.6058506136451802 0.2480310304882991 0.14266495849442934 0.25752417211208345
0 0.5763537875918627 0.44072637034406287 0.13848777046292132 0.2254565545209029
11 0.46822281001163796 0.3196852120996879 0.15679148924915434 0.18221570079743063
3 0.40341036623025417 0.4905048987450698 0.23971465698691877 0.4625221030578821
12 0.7152723795661737 0.5663829466164589 0.1553244551604493 0.2406639804327085
13 0.6315184882103841 0.7651209161039325 0.22437657047261972 0.4697581677921351
4 0.7586388397275929 0.8263279335096531 0.14438656834658764 0.34734413298069383
10 0.5101378247246834 0.7471926162600003 0.1279808340984033 0.20181903276940982
2 0.4140914853354462 0.865246079739323 0.17088555334367825 0.26950784052135396
9 0.5394261962457715 0.9053869759673961 0.1373719384905499 0.15447190729444457
14 0.3820767265414545 0.7067832089655559 0.22525393107368413 0.3522385664887501