9 0.5704230376507843 0.7767978999082225 0.12996189620024126 0.24715980799670093
10 0.6476738551544958 0.6384053381505976 0.12138143430531087 0.18762568362352178
4 0.7568242051090672 0.720515493006878 0.13035472184455338 0.3290773977301445
12 0.7206156309350933 0.4625809725529069 0.15413970262267646 0.2470832516493527
7 0.7112495177515388 0.23907527639297288 0.1379005489592032 0.23490986058312585
8 0.6166563127540131 0.15106446252377703 0.13986916270858457 0.25758884263643717
6 0.3378452380142124 0.10127637734268025 0.11545898292582972 0.19369382719703093
11 0.4806612590451115 0.22857100006650702 0.1489741677969672 0.17828778754272995
3 0.41429703188503303 0.410463509237707 0.22312979929788757 0.4620466735943918
2 0.4030883734718615 0.7042051490502926 0.1864176933504222 0.43133623119538134
0 0.5871712878779268 0.3498800472426554 0.1343661131835546 0.22700643236988044