6 0.3122174515966055 0.15317810224399647 0.11967712452429895 0.19986469022789902
1 0.5529578567298017 0.08859038433576859 0.34928902866891215 0.14994423916276614
7 0.6859944857027249 0.2999351081383145 0.1391102154367701 0.23653436068413444
8 0.5962687994291587 0.210468042929006 0.13225272037968594 0.2596535257031626
0 0.5588510069572633 0.40606438581864335 0.12938504695770092 0.22755860870696817
11 0.4555748152464895 0.29132540657889 0.1494773710642578 0.18469994665368966
3 0.3837037683259698 0.4671968398867068 0.22099817988495668 0.4660573760071737
12 0.692755116158523 0.5234681086326061 0.1456148834215476 0.24303902866891214
13 0.6004734101504743 0.7361683798871443 0.20473385132977526 0.4880132890490355
4 0.7253580050172779 0.7858580206858845 0.1299819076418352 0.3570551077183849
10 0.48001898870565557 0.7183826550960153 0.11983629201478489 0.20377094022789902
2 0.3788623484012069 0.8477120108372338 0.15964289133021287 0.28104836463846716
9 0.5028556053212891 0.8755266516359741 0.13117569863085593 0.15665585969555132
14 0.3534909807969902 0.6859760147915666 0.21104090665325215 0.3556782915204934