6 0.295822192262784 0.165625 0.1230944077089811 0.1953125
1 0.5419761264212987 0.1109375 0.35166745776545094 0.1359375
7 0.6535906476797477 0.32734375 0.14315627872743378 0.23125
8 0.5730679607492226 0.234375 0.13670885765251128 0.2546875
0 0.5164708083019134 0.428125 0.1332807497882385 0.22265625
11 0.42494970818897393 0.309375 0.1526076024614266 0.17890625
3 0.33598737677423457 0.48203125 0.2290082916698518 0.4578125
12 0.6382331452606732 0.55078125 0.1497702997741211 0.2375
13 0.5253026928274813 0.759375 0.2131403679640936 0.48046875
4 0.6447737586689666 0.8140625 0.1361466865070021 0.35234375
10 0.4070910191217232 0.73671875 0.12332192086316063 0.19921875
2 0.29356059818797525 0.86171875 0.1644544260542454 0.275
9 0.4143057376928664 0.89453125 0.1338275103821694 0.1515625
14 0.28427514540184756 0.69921875 0.21712367072198643 0.34765625