6 0.3214214317394403 0.16296800974252795 0.11905164981647332 0.19485062418757346
1 0.548711973832815 0.14651334659472864 0.317034852532014 0.11011493425111762
8 0.5771338344690983 0.261524691968346 0.13340955240495694 0.240367675729701
7 0.6566323476938651 0.33037805763450284 0.1269474498023559 0.20981710511284996
0 0.5204757688393744 0.4303116481368562 0.12910918927901208 0.20673301542127548
11 0.4476514608198098 0.3004662353927987 0.13803686824644235 0.1858165434244528
3 0.35799117939095304 0.45968332264874123 0.2268619627447741 0.4378932865245938
10 0.4275701190934883 0.6988491883148981 0.1320521787556686 0.20366256249917622
13 0.5274567270283483 0.7392502715136506 0.21901093636582764 0.5040949849824663
12 0.6372621794615402 0.5289519253292545 0.1432094866340588 0.22102734050235337
4 0.6547402928698336 0.7916604310112973 0.1303293260118931 0.32148130803494934
9 0.422391253477882 0.8815662309285719 0.15084768138650445 0.20477109496658025
2 0.3059233612715677 0.7774572037361736 0.17159063381969625 0.4135148494308071
14 0.3098589743269253 0.6696856140445989 0.19499804174043903 0.38660747605401263