3 0.501242452918256 0.8014195929346901 0.12569943756361363 0.24579551542127548
4 0.5903644950210406 0.6669548640380084 0.11815726687504088 0.18632505803494936
8 0.692078273244009 0.7539384411476812 0.12465778193598354 0.3277585815738998
0 0.6784523159797656 0.49494922483290127 0.14989090571244823 0.24543700527500575
5 0.688598675413078 0.27155263514132677 0.13385667794496675 0.2334455198855024
12 0.6019196201482675 0.17935940665168223 0.13542910162876395 0.25611540665497756
10 0.32815722713450923 0.11673312702694724 0.1121255216843644 0.19246596387914794
11 0.45951137613871734 0.2503559249156268 0.14592760280989053 0.17665973173605548
9 0.37745530037066893 0.4287206582765354 0.21515135108060993 0.45972737621616844
7 0.34066210618363346 0.7212257581143795 0.17895839073632355 0.4294262215897856
1 0.5551735618034143 0.3763201814084486 0.1304588594333124 0.22557847280760174