10 0.36015625 0.15349329693790012 0.09921875 0.1655586875512219
12 0.559375 0.19480330934389695 0.11015625 0.2410681098009629
9 0.61328125 0.38090778328904906 0.19453125 0.3699979385846793
0 0.66796875 0.5818923945377541 0.12578125 0.21913960587202155
5 0.51015625 0.6221984092200625 0.11328125 0.21465115901517465
11 0.48984375 0.3353148393276863 0.10703125 0.22217256058675128
2 0.38515625 0.39372019065159386 0.16640625 0.4444692456567738
7 0.36640625 0.7295656453663236 0.146875 0.41387206306795044
6 0.3796875 0.7083092295267234 0.21796875 0.49140205769126694
4 0.6140625 0.7981316705926019 0.11640625 0.21167170822938636
3 0.50234375 0.8233970361845332 0.1125 0.2208647717116218