9 0.5335150620533662 0.7860331185948669 0.11860559601642037 0.24511360001590835
10 0.6170992008134395 0.6491138265834129 0.11279141237139498 0.1856749653484993
4 0.7222821253832785 0.7330519272358681 0.11517658986810027 0.3270993966820447
12 0.6981214209556018 0.474721806572277 0.14281980083688062 0.2446141606858628
7 0.6991652496072165 0.2512570345719589 0.12712662314378348 0.23271359735040828
8 0.6087942587805987 0.161677461250822 0.12803968335043797 0.25537893801718103
6 0.33267666549465286 0.10707396662159299 0.10657777380771334 0.19185224001431753
11 0.46937775565734075 0.23674219060313934 0.14085732503737738 0.1758459793523173
3 0.3946418969514968 0.4173114852800934 0.20187313485124836 0.4585681200270443
2 0.3697838392789251 0.710589317950366 0.16654416802873567 0.4284715400222717
0 0.5701004392041703 0.3597973352562308 0.12395617134838535 0.22486473468331747