9 0.5335150620533662 0.7552027721205027 0.11860559601642037 0.25194454827463025
10 0.6170992008134395 0.613365197362769 0.11279141237139498 0.1921871360218141
4 0.7222821253832785 0.6912009842374327 0.11517658986810027 0.3337026466654757
12 0.6981214209556018 0.43419151357052793 0.14281980083688062 0.25285683825138694
7 0.6991652496072165 0.2105901226050353 0.12712662314378348 0.2400454818147697
8 0.6087942587805987 0.12881289534194268 0.12803968335043797 0.25762579068388536
6 0.33267666549465286 0.09335982997273243 0.10657777380771334 0.18671965994546486
11 0.46937775565734075 0.2094639372233104 0.14085732503737738 0.1839975776077253
3 0.3946418969514968 0.39445057844090453 0.20187313485124836 0.4701807320668713
2 0.3697838392789251 0.6892767593831539 0.16654416802873567 0.4380348675844822
0 0.5701004392041703 0.3266900060289593 0.12395617134838535 0.23201446052744618