6 0.31705037822814386 0.15495779619431768 0.12537633045771682 0.1992138047166562
1 0.5561950056999831 0.0917856404818696 0.35325567599857094 0.14794151451278828
7 0.6955463548471335 0.30385407614656657 0.14585807526193673 0.235778787293461
8 0.6031078465492603 0.21388632977476366 0.13968448491686286 0.25894346878180674
0 0.5713436663633154 0.40921867714235843 0.1358821417217971 0.22685765507947586
11 0.46460235744502354 0.2939061903892024 0.15469784369926867 0.18387154691210786
3 0.3977694085696452 0.4693179073569106 0.23435711859288838 0.4648784994518458
12 0.7088268768907616 0.5273734217000628 0.1525451178365838 0.24224704210278442
13 0.6226319228196033 0.739486530500403 0.2187538979259834 0.4869345487262066
4 0.749112295347764 0.789890779867431 0.14026327514572134 0.3563814639724834
10 0.5015163934865081 0.7210044037287135 0.12564948206687115 0.20312005471665628
2 0.40400724497944684 0.8497147354872118 0.16766737328446535 0.2801835517214311
9 0.5289579684963434 0.8782439848542396 0.13559828243518837 0.1559275961864685
14 0.3738941380386264 0.687869499915182 0.22118549321473607 0.35453127649368776