0 0.11842077128828049 0.5794991647958514 0.18529719384395532 0.22306653660315684
0 0.26624907307485385 0.6188197298251195 0.189264419661942 0.21143975431895537
0 0.4131275917314159 0.6546326377448758 0.1769090022968289 0.2056509407986898
0 0.5624940031907946 0.6890473983451941 0.1911134459392943 0.23788206201126305
0 0.7236275054724923 0.7260868069637086 0.1976526112090683 0.22885535012342262
0 0.2005882471138327 0.4640412132778966 0.17830428866302825 0.19142408811812764
0 0.33818756775089237 0.49583132586001916 0.19032351943225903 0.19240520933070088
0 0.4871925226230536 0.5183249678123643 0.16130927228816405 0.18764667226667875
0 0.6314991018278283 0.5567379461284813 0.1647216782296571 0.20226597343227035
0 0.7812857465320598 0.5851430913441844 0.16578077799997415 0.1832314284440158
0 0.1492664514269179 0.3092872743525088 0.1740008762491594 0.19824317809463674
0 0.2848821591549842 0.33526399579253063 0.17042037700972534 0.181220030775199
0 0.42496937259486056 0.36565596105521553 0.16885699734558474 0.19304303730191508
0 0.5573154976880399 0.3871193265513171 0.17383278295121832 0.1958393319407906
0 0.7096740818440588 0.4129244013706594 0.18104432141275678 0.1964280046683345
0 0.21907850988735708 0.19961813635481968 0.16700797106823237 0.1666007296096074
0 0.3505588984994956 0.2163719216644863 0.14621382217332268 0.17685394219620615
0 0.47647517496320674 0.24433546315148996 0.16203218546259895 0.16380443497073188
0 0.615948791868954 0.26641207899697056 0.17366468965327705 0.19343548578694444
0 0.7600620077844524 0.290500092511268 0.1870792067887073 0.18018975431895556