0 0.15296084812468902 0.6009257627940439 0.17310657848992875 0.21807921232955743
0 0.30380177324587815 0.6605452101373891 0.17777441438573302 0.206311942037649
0 0.4534827322137106 0.7164958981306343 0.16569924105174708 0.20087434853665087
0 0.6055815229765781 0.7713706432856178 0.17808209849188678 0.23275424972995695
0 0.7696575875851098 0.8304810588646763 0.1851817518239149 0.22351680583055555
0 0.22875277224210094 0.4954561501925397 0.1679352595113276 0.18657725185223512
0 0.36887428915930404 0.5460952249234482 0.1799544902805583 0.18720715304554106
0 0.5199110132571364 0.5888877491898703 0.15108036515202683 0.18329154402776096
0 0.667160154788745 0.6471163030983007 0.15365203900013868 0.19784060118949912
0 0.8193288737575565 0.6959814328686688 0.1558321148949639 0.1787358121973909
0 0.16811286252021182 0.3323248947565804 0.16321148105076808 0.19353682983645137
0 0.3059004614895127 0.37682837386421225 0.16061183592027872 0.17658392652086713
0 0.44843981020175083 0.42639150575685886 0.1583478461783205 0.1884771770514366
0 0.5826775825050377 0.46589832219880667 0.16318350976839044 0.19113298368260523
0 0.7372781189100728 0.5124855860539898 0.17039504822992876 0.19151092439858858
0 0.23182961330363774 0.2310330732694628 0.15804016207216692 0.16203486935912897
0 0.3649214050947568 0.26566920728438775 0.13654540309943947 0.17292027798040935
0 0.49307963380748426 0.3108706885142981 0.15320449848209705 0.15937906272796057
0 0.634514958931121 0.3519573687491525 0.16315553848601283 0.18872913752875908
0 0.7807300050800721 0.39569985561517534 0.17741078771482405 0.175061942037649