80 0.8056322353813681 0.5778833048259326 0.1828537811776168 0.21211372502380635
80 0.6511797536491453 0.6322094324472732 0.18696143301091028 0.20017841283596136
80 0.49813920713616533 0.6829088111924982 0.1746621860519199 0.19516092407480473
80 0.34276481851677904 0.732448226151493 0.18850152205458764 0.22662072052826907
80 0.17516118698584243 0.7858032067947212 0.19515302813660704 0.21713121378496297
80 0.7374833729291667 0.4698090428374103 0.1762259836364875 0.1807798064424207
80 0.5943382272213309 0.5155328921121717 0.18824521440571815 0.1809896028958849
80 0.4408658021532665 0.5530320966565893 0.15925905246468458 0.1780822452537246
80 0.29008909369925295 0.6060933622649676 0.16250294718780933 0.19254728146749456
80 0.13506472531706612 0.6496231618393469 0.16378672858261734 0.17335847152741807
80 0.8092939112386712 0.3088623320486275 0.17183831561343454 0.18790742632257354
80 0.668902631921881 0.34853460664808067 0.16845441279542983 0.17103854395495757
80 0.5234236441076389 0.39309849213661174 0.1667506071159825 0.18301581543349557
80 0.38691815021137743 0.42790013549233336 0.1716983075185547 0.18550358016872737
80 0.22962994377022417 0.46906804820355946 0.17890984598009313 0.1856294580408059
80 0.7528842633659412 0.20538596591433342 0.16521051807230527 0.1565735077411878
80 0.6178607087363623 0.2353589373170163 0.1442759431620885 0.16821510489418318
80 0.4870148099875168 0.27606529783062117 0.1602628176697331 0.154085743005956
80 0.34322777358227685 0.31219474213534437 0.17155829942367484 0.18309973401488122
80 0.19449303677446503 0.35081195117529934 0.1851413277774732 0.16892841283596122